# TBLASTN 2.9.0+
# Query: Allobates_kingsburyi_LWS_1146
# Database: ../synteny/OophagaDB/Oophaga.0
# Fields: query acc.ver, subject acc.ver, % identity, alignment length, mismatches, gap opens, q. start, q. end, s. start, s. end, evalue, bit score
# 294 hits found
Allobates_kingsburyi_LWS_1146	scaffold70671	62.032	187	24	3	109	251	7072	6521	2.50e-60	216
Allobates_kingsburyi_LWS_1146	scaffold70671	93.000	100	7	0	37	136	7731	7432	3.54e-54	198
Allobates_kingsburyi_LWS_1146	scaffold70671	91.111	90	8	0	238	327	6249	5980	1.38e-44	171
Allobates_kingsburyi_LWS_1146	scaffold70671	73.684	57	11	1	1	53	10188	10018	3.07e-14	81.3
Allobates_kingsburyi_LWS_1146	scaffold70671	59.375	32	13	0	312	343	5127	5032	0.56	39.7
Allobates_kingsburyi_LWS_1146	scaffold21232	55.446	101	44	1	37	136	46182	46484	9.62e-24	109
Allobates_kingsburyi_LWS_1146	scaffold21232	58.667	75	31	0	253	327	53811	54035	8.97e-22	103
Allobates_kingsburyi_LWS_1146	scaffold21232	51.613	62	30	0	136	197	49418	49603	1.13e-10	70.1
Allobates_kingsburyi_LWS_1146	scaffold21232	33.766	77	49	1	197	273	49925	50149	0.006	45.8
Allobates_kingsburyi_LWS_1146	scaffold9205	50.649	77	38	0	254	330	94709	94939	4.97e-21	89.4
Allobates_kingsburyi_LWS_1146	scaffold9205	24.194	62	47	0	190	251	94422	94607	4.97e-21	36.2
Allobates_kingsburyi_LWS_1146	scaffold9205	29.452	146	91	2	20	153	92876	93313	5.02e-12	74.3
Allobates_kingsburyi_LWS_1146	scaffold9205	50.000	60	30	0	133	192	93707	93886	4.21e-08	62.4
Allobates_kingsburyi_LWS_1146	scaffold22856	51.899	79	38	0	254	332	62810	63046	4.70e-19	95.9
Allobates_kingsburyi_LWS_1146	scaffold22856	39.823	113	66	1	136	248	56546	56878	1.02e-16	88.6
Allobates_kingsburyi_LWS_1146	scaffold22856	36.522	115	67	1	19	133	50492	50818	1.54e-12	75.9
Allobates_kingsburyi_LWS_1146	scaffold2818	53.750	80	37	0	248	327	129894	129655	5.14e-19	95.5
Allobates_kingsburyi_LWS_1146	scaffold2818	35.938	128	78	2	15	140	143372	142995	3.70e-15	84.0
Allobates_kingsburyi_LWS_1146	scaffold2818	43.860	57	32	0	136	192	137696	137526	1.32e-05	54.3
Allobates_kingsburyi_LWS_1146	scaffold2818	34.483	58	38	0	192	249	135476	135303	0.57	39.7
Allobates_kingsburyi_LWS_1146	scaffold69909	47.561	82	43	0	248	329	16769	16524	7.06e-19	95.1
Allobates_kingsburyi_LWS_1146	scaffold69909	47.561	82	43	0	248	329	1285	1040	7.06e-19	95.1
Allobates_kingsburyi_LWS_1146	C224516402	23.288	292	214	6	54	339	294	1157	2.32e-15	83.6
Allobates_kingsburyi_LWS_1146	scaffold13740	23.288	292	214	6	54	339	10413	9550	5.04e-15	83.6
Allobates_kingsburyi_LWS_1146	scaffold211038	37.168	113	70	1	37	149	7461	7796	7.91e-15	82.8
Allobates_kingsburyi_LWS_1146	scaffold10886	35.652	115	72	1	134	248	164069	163731	3.93e-14	80.9
Allobates_kingsburyi_LWS_1146	scaffold10886	44.186	86	45	2	246	330	159959	159708	2.17e-13	78.6
Allobates_kingsburyi_LWS_1146	scaffold10886	35.165	91	59	0	46	136	168811	168539	3.85e-08	62.4
Allobates_kingsburyi_LWS_1146	scaffold86147	47.143	70	37	0	136	205	7870	7661	6.60e-14	80.1
Allobates_kingsburyi_LWS_1146	scaffold99531	39.091	110	57	3	223	331	28219	28521	3.61e-12	74.7
Allobates_kingsburyi_LWS_1146	C217276974	47.541	61	30	1	128	186	185	3	2.58e-11	64.7
Allobates_kingsburyi_LWS_1146	C217124778	48.276	58	30	0	136	193	175	2	1.25e-10	62.8
Allobates_kingsburyi_LWS_1146	scaffold34009	22.826	276	187	9	70	331	50916	50125	5.82e-10	68.2
Allobates_kingsburyi_LWS_1146	scaffold24357	23.179	302	194	11	59	337	79898	79038	7.04e-10	67.8
Allobates_kingsburyi_LWS_1146	scaffold176921	23.958	288	201	8	66	343	4978	5817	3.46e-09	65.5
Allobates_kingsburyi_LWS_1146	scaffold61990	23.396	265	167	8	83	329	67763	67023	8.94e-09	64.3
Allobates_kingsburyi_LWS_1146	scaffold96170	22.781	338	220	15	22	343	28360	29298	1.57e-08	63.5
Allobates_kingsburyi_LWS_1146	scaffold180659	37.975	79	47	2	252	329	9454	9221	3.19e-08	62.4
Allobates_kingsburyi_LWS_1146	scaffold220489	44.615	65	34	1	128	190	2538	2732	9.12e-08	60.8
Allobates_kingsburyi_LWS_1146	scaffold220489	39.474	38	23	0	168	205	2722	2835	2.1	37.7
Allobates_kingsburyi_LWS_1146	scaffold163394	20.870	345	229	11	20	338	3555	4535	1.65e-07	60.1
Allobates_kingsburyi_LWS_1146	scaffold4032	20.861	302	201	11	70	337	10625	9732	1.85e-07	60.1
Allobates_kingsburyi_LWS_1146	scaffold37802	25.970	335	206	15	19	332	78184	79125	1.98e-07	60.1
Allobates_kingsburyi_LWS_1146	scaffold22548	29.032	93	64	1	237	329	133226	133498	2.96e-07	59.7
Allobates_kingsburyi_LWS_1146	scaffold22548	29.032	93	64	1	237	329	134713	134985	2.96e-07	59.7
Allobates_kingsburyi_LWS_1146	scaffold22548	37.313	67	42	0	136	202	125583	125783	0.040	43.1
Allobates_kingsburyi_LWS_1146	scaffold22548	32.500	80	52	1	57	136	113047	113280	4.8	36.6
Allobates_kingsburyi_LWS_1146	scaffold10796	20.567	282	215	4	62	336	18163	17324	3.43e-07	59.3
Allobates_kingsburyi_LWS_1146	scaffold76842	22.222	279	194	8	70	336	59435	60238	4.03e-07	59.3
Allobates_kingsburyi_LWS_1146	scaffold18542	23.552	259	165	9	88	330	9585	8860	4.49e-07	58.9
Allobates_kingsburyi_LWS_1146	scaffold85571	32.743	113	74	1	136	248	8876	9208	6.24e-07	58.5
Allobates_kingsburyi_LWS_1146	scaffold15155	33.333	114	71	3	136	248	44273	43944	6.29e-07	58.5
Allobates_kingsburyi_LWS_1146	scaffold68858	24.336	226	162	5	33	253	16655	17320	7.97e-07	58.2
Allobates_kingsburyi_LWS_1146	scaffold16502	24.000	325	196	15	31	335	68255	69136	1.32e-06	57.4
Allobates_kingsburyi_LWS_1146	C224448800	20.906	287	210	7	60	336	268	1107	1.86e-06	56.2
Allobates_kingsburyi_LWS_1146	scaffold33798	23.574	263	177	7	17	267	89014	88262	2.07e-06	57.0
Allobates_kingsburyi_LWS_1146	scaffold62364	20.906	287	210	7	60	336	32011	32850	2.40e-06	56.6
Allobates_kingsburyi_LWS_1146	scaffold22910	27.211	147	90	5	48	183	5355	4933	2.98e-06	56.2
Allobates_kingsburyi_LWS_1146	scaffold27869	26.027	219	140	9	60	273	21469	20864	4.75e-06	55.8
Allobates_kingsburyi_LWS_1146	scaffold16623	24.103	195	120	6	165	338	64421	63858	5.16e-06	55.5
Allobates_kingsburyi_LWS_1146	scaffold34833	25.461	271	164	9	90	331	36236	37021	8.20e-06	55.1
Allobates_kingsburyi_LWS_1146	scaffold41356	24.121	199	141	4	67	264	138043	137474	8.65e-06	55.1
Allobates_kingsburyi_LWS_1146	scaffold61570	20.181	332	221	10	39	338	29184	30143	8.83e-06	55.1
Allobates_kingsburyi_LWS_1146	scaffold6444	22.185	302	213	10	42	335	55143	54280	1.16e-05	54.7
Allobates_kingsburyi_LWS_1146	scaffold27408	21.769	294	203	9	57	338	11746	12582	1.28e-05	54.3
Allobates_kingsburyi_LWS_1146	scaffold1505	21.967	305	219	10	42	339	51544	50666	1.38e-05	54.3
Allobates_kingsburyi_LWS_1146	scaffold32398	22.053	263	180	6	90	343	13005	13745	1.46e-05	54.3
Allobates_kingsburyi_LWS_1146	scaffold32398	22.053	263	180	6	90	343	15079	15819	1.46e-05	54.3
Allobates_kingsburyi_LWS_1146	scaffold32398	22.053	263	180	6	90	343	17047	17787	1.46e-05	54.3
Allobates_kingsburyi_LWS_1146	scaffold32398	23.200	250	165	9	90	328	32719	33420	8.78e-04	48.5
Allobates_kingsburyi_LWS_1146	scaffold190355	22.712	295	202	12	54	343	4156	3335	1.58e-05	53.9
Allobates_kingsburyi_LWS_1146	scaffold37334	23.881	335	208	16	20	330	95518	94583	2.44e-05	53.5
Allobates_kingsburyi_LWS_1146	scaffold37334	25.442	283	181	13	59	330	72273	71482	2.5	37.4
Allobates_kingsburyi_LWS_1146	scaffold18320	22.295	305	186	13	55	336	31691	32521	3.59e-05	53.1
Allobates_kingsburyi_LWS_1146	scaffold100478	21.922	333	228	12	21	343	7372	6440	3.81e-05	52.8
Allobates_kingsburyi_LWS_1146	scaffold21539	23.264	288	180	11	70	339	30371	31165	4.17e-05	52.8
Allobates_kingsburyi_LWS_1146	scaffold7559	30.952	84	57	1	111	193	70152	70403	4.19e-05	52.8
Allobates_kingsburyi_LWS_1146	scaffold67876	24.373	279	175	9	70	332	17010	17786	5.12e-05	52.4
Allobates_kingsburyi_LWS_1146	scaffold135113	19.573	281	201	5	66	336	25091	24294	5.17e-05	52.4
Allobates_kingsburyi_LWS_1146	scaffold17902	21.329	286	200	7	65	338	12229	11411	5.81e-05	52.4
Allobates_kingsburyi_LWS_1146	scaffold32935	30.097	103	61	3	250	343	13952	13650	6.55e-05	52.0
Allobates_kingsburyi_LWS_1146	scaffold27533	25.000	284	186	12	70	336	12610	13431	6.88e-05	52.0
Allobates_kingsburyi_LWS_1146	scaffold76957	23.311	296	199	13	54	343	4604	5425	7.06e-05	52.0
Allobates_kingsburyi_LWS_1146	scaffold1746	23.929	280	182	12	72	334	12479	13276	7.15e-05	52.0
Allobates_kingsburyi_LWS_1146	scaffold33808	21.404	285	188	10	70	338	1070	1864	8.32e-05	51.6
Allobates_kingsburyi_LWS_1146	scaffold46559	24.068	295	188	12	57	329	28714	29556	8.62e-05	51.6
Allobates_kingsburyi_LWS_1146	scaffold41554	26.205	332	199	19	30	341	68638	67721	8.64e-05	51.6
Allobates_kingsburyi_LWS_1146	scaffold41554	23.077	299	191	14	59	343	40311	39490	2.9	37.4
Allobates_kingsburyi_LWS_1146	scaffold8031	22.635	296	186	12	67	335	79657	78818	9.77e-05	51.6
Allobates_kingsburyi_LWS_1146	scaffold52093	23.228	254	160	7	59	285	44190	43453	1.16e-04	51.2
Allobates_kingsburyi_LWS_1146	scaffold26720	21.782	303	195	10	49	332	15362	14523	1.24e-04	51.2
Allobates_kingsburyi_LWS_1146	scaffold62666	27.007	137	94	3	16	150	11118	10720	1.65e-04	50.8
Allobates_kingsburyi_LWS_1146	C224367016	35.294	68	44	0	268	335	628	831	2.04e-04	49.7
Allobates_kingsburyi_LWS_1146	scaffold2572	22.997	287	178	12	70	336	46162	45371	2.92e-04	50.1
Allobates_kingsburyi_LWS_1146	scaffold2572	23.311	296	182	13	56	331	7328	6516	0.004	46.6
Allobates_kingsburyi_LWS_1146	scaffold91375	22.939	279	192	8	67	335	50504	49707	3.29e-04	50.1
Allobates_kingsburyi_LWS_1146	scaffold5608	35.294	68	44	0	268	335	73273	73070	3.45e-04	49.7
Allobates_kingsburyi_LWS_1146	scaffold5608	23.301	103	79	0	176	278	81923	81615	0.20	41.2
Allobates_kingsburyi_LWS_1146	scaffold41070	21.667	180	130	5	172	340	19521	18982	3.79e-04	49.7
Allobates_kingsburyi_LWS_1146	scaffold82365	20.188	213	154	6	70	270	4914	5540	4.39e-04	49.3
Allobates_kingsburyi_LWS_1146	C224825234	19.925	266	180	6	45	283	587	1366	4.61e-04	48.9
Allobates_kingsburyi_LWS_1146	scaffold39305	22.148	298	187	12	57	332	24076	24900	5.58e-04	49.3
Allobates_kingsburyi_LWS_1146	scaffold27991	21.053	323	230	11	20	336	44568	45479	6.45e-04	48.9
Allobates_kingsburyi_LWS_1146	scaffold23096	26.298	289	173	15	70	334	30464	29646	6.67e-04	48.9
Allobates_kingsburyi_LWS_1146	scaffold23096	24.286	350	210	18	18	341	3500	2538	0.001	47.8
Allobates_kingsburyi_LWS_1146	scaffold243	24.522	314	190	13	52	343	42844	41978	6.67e-04	48.9
Allobates_kingsburyi_LWS_1146	scaffold243	25.000	308	196	12	52	343	57107	56241	0.038	43.1
Allobates_kingsburyi_LWS_1146	scaffold2406	22.944	231	161	7	31	259	92560	91913	8.25e-04	48.5
Allobates_kingsburyi_LWS_1146	scaffold2406	26.596	94	64	2	248	339	90826	90554	0.46	39.7
Allobates_kingsburyi_LWS_1146	scaffold79475	20.870	115	81	2	229	337	126795	127127	8.53e-04	48.5
Allobates_kingsburyi_LWS_1146	scaffold20576	21.107	289	194	8	21	285	77857	77021	0.001	48.5
Allobates_kingsburyi_LWS_1146	scaffold45176	21.284	296	183	12	57	331	46875	47675	0.001	48.5
Allobates_kingsburyi_LWS_1146	scaffold53532	19.763	253	180	6	88	329	17876	17154	0.001	48.5
Allobates_kingsburyi_LWS_1146	scaffold20954	21.127	284	189	8	62	330	10078	9287	0.001	48.1
Allobates_kingsburyi_LWS_1146	scaffold61359	21.528	288	184	11	70	338	6672	7466	0.001	48.1
Allobates_kingsburyi_LWS_1146	scaffold21704	22.526	293	183	12	66	338	35295	34489	0.001	48.1
Allobates_kingsburyi_LWS_1146	scaffold32792	22.424	330	223	15	23	343	160174	161091	0.001	48.1
Allobates_kingsburyi_LWS_1146	scaffold32792	23.630	292	191	14	53	334	122770	123579	8.4	35.8
Allobates_kingsburyi_LWS_1146	scaffold54969	28.889	90	61	2	250	336	24294	24025	0.001	47.8
Allobates_kingsburyi_LWS_1146	scaffold10852	21.239	226	147	5	125	336	18415	19041	0.001	47.8
Allobates_kingsburyi_LWS_1146	scaffold66218	22.053	263	191	6	83	340	110419	111180	0.002	47.8
Allobates_kingsburyi_LWS_1146	scaffold5612	21.429	126	98	1	68	192	81669	82046	0.002	47.8
Allobates_kingsburyi_LWS_1146	scaffold123343	23.649	296	188	13	66	342	1079	249	0.002	47.4
Allobates_kingsburyi_LWS_1146	scaffold12500	22.556	266	179	7	90	331	29795	29007	0.002	47.8
Allobates_kingsburyi_LWS_1146	scaffold231262	24.561	285	164	14	78	339	578	1348	0.002	47.0
Allobates_kingsburyi_LWS_1146	scaffold7585	21.194	335	228	11	20	338	35312	36256	0.002	47.4
Allobates_kingsburyi_LWS_1146	scaffold48876	23.099	342	231	11	15	338	106276	107259	0.002	47.0
Allobates_kingsburyi_LWS_1146	scaffold10745	21.333	300	191	10	59	334	57797	56961	0.003	47.0
Allobates_kingsburyi_LWS_1146	scaffold35224	22.772	303	183	11	65	343	27755	28582	0.003	47.0
Allobates_kingsburyi_LWS_1146	scaffold33686	19.601	301	206	10	59	337	17639	18499	0.003	47.0
Allobates_kingsburyi_LWS_1146	scaffold6177	22.105	285	197	8	70	343	116204	117016	0.003	47.0
Allobates_kingsburyi_LWS_1146	scaffold16619	27.119	177	122	5	61	237	78539	79048	0.003	47.0
Allobates_kingsburyi_LWS_1146	scaffold9472	17.563	279	197	5	87	338	73884	74702	0.003	46.6
Allobates_kingsburyi_LWS_1146	scaffold70610	21.453	289	188	8	65	335	3813	3010	0.003	46.6
Allobates_kingsburyi_LWS_1146	scaffold81499	20.178	337	233	11	21	339	36027	36983	0.003	46.6
Allobates_kingsburyi_LWS_1146	scaffold85426	22.300	287	178	13	70	335	23556	22768	0.004	46.6
Allobates_kingsburyi_LWS_1146	scaffold61999	31.429	70	47	1	125	193	1965	1756	0.004	46.6
Allobates_kingsburyi_LWS_1146	scaffold16737	21.875	288	187	9	70	339	54533	55336	0.004	46.6
Allobates_kingsburyi_LWS_1146	scaffold16737	18.996	279	205	8	67	336	81348	80548	0.64	39.3
Allobates_kingsburyi_LWS_1146	scaffold11461	19.380	258	183	6	86	332	99210	98479	0.004	46.6
Allobates_kingsburyi_LWS_1146	scaffold11461	19.623	265	190	6	82	336	81961	81206	0.57	39.7
Allobates_kingsburyi_LWS_1146	scaffold14801	37.705	61	38	0	267	327	113339	113521	0.004	46.6
Allobates_kingsburyi_LWS_1146	scaffold14801	31.746	63	43	0	66	128	107762	107950	4.7	36.6
Allobates_kingsburyi_LWS_1146	scaffold14914	20.714	280	188	6	25	283	196495	197295	0.004	46.6
Allobates_kingsburyi_LWS_1146	scaffold34584	22.222	90	60	2	253	336	4625	4368	0.004	46.2
Allobates_kingsburyi_LWS_1146	scaffold42234	24.528	318	204	13	29	332	183062	183949	0.005	46.2
Allobates_kingsburyi_LWS_1146	scaffold59555	23.934	305	203	10	52	343	1994	1128	0.005	45.8
Allobates_kingsburyi_LWS_1146	scaffold12756	20.979	286	180	10	70	334	22021	21239	0.006	45.8
Allobates_kingsburyi_LWS_1146	scaffold11860	25.688	109	64	4	239	340	115554	115850	0.006	45.8
Allobates_kingsburyi_LWS_1146	scaffold73201	19.065	278	203	7	70	338	8627	9421	0.006	45.8
Allobates_kingsburyi_LWS_1146	scaffold12543	23.377	231	140	8	120	335	6584	7210	0.006	45.8
Allobates_kingsburyi_LWS_1146	scaffold20849	22.685	216	127	5	161	342	157355	156726	0.006	45.8
Allobates_kingsburyi_LWS_1146	scaffold28947	21.429	322	206	11	37	340	29404	28526	0.007	45.8
Allobates_kingsburyi_LWS_1146	scaffold30312	28.409	88	60	1	252	336	41642	41905	0.008	45.4
Allobates_kingsburyi_LWS_1146	scaffold137656	19.298	285	194	8	70	338	416	1210	0.008	45.4
Allobates_kingsburyi_LWS_1146	scaffold48054	21.739	276	190	10	82	342	21139	20345	0.008	45.4
Allobates_kingsburyi_LWS_1146	scaffold37049	23.364	214	147	7	89	285	28279	28920	0.009	45.4
Allobates_kingsburyi_LWS_1146	scaffold68968	19.723	289	188	8	70	338	10853	11647	0.009	45.4
Allobates_kingsburyi_LWS_1146	scaffold62879	26.667	90	56	3	253	336	59884	59627	0.009	45.4
Allobates_kingsburyi_LWS_1146	scaffold42463	22.615	283	199	12	59	332	47970	48785	0.010	45.1
Allobates_kingsburyi_LWS_1146	scaffold99633	21.963	214	148	5	57	260	61272	61886	0.011	45.1
Allobates_kingsburyi_LWS_1146	scaffold161959	21.311	305	194	10	49	332	7656	6817	0.011	45.1
Allobates_kingsburyi_LWS_1146	scaffold16513	22.581	279	187	12	78	342	55296	54505	0.012	45.1
Allobates_kingsburyi_LWS_1146	scaffold18464	24.183	306	201	11	52	343	14363	15229	0.012	44.7
Allobates_kingsburyi_LWS_1146	scaffold83572	23.392	171	115	5	176	335	9287	9784	0.015	44.7
Allobates_kingsburyi_LWS_1146	scaffold27486	21.839	261	183	8	82	334	81192	80449	0.015	44.7
Allobates_kingsburyi_LWS_1146	scaffold27486	19.106	246	185	5	90	330	71671	72381	0.11	42.0
Allobates_kingsburyi_LWS_1146	scaffold43265	22.330	103	76	1	171	269	148865	149173	0.016	44.7
Allobates_kingsburyi_LWS_1146	scaffold97591	24.390	246	170	6	32	268	87532	88248	0.018	44.3
Allobates_kingsburyi_LWS_1146	scaffold13447	26.056	142	100	2	54	190	65648	65223	0.019	44.3
Allobates_kingsburyi_LWS_1146	scaffold20921	24.013	304	189	14	49	329	174331	173477	0.020	44.3
Allobates_kingsburyi_LWS_1146	scaffold6921	21.457	247	171	8	92	330	12035	12730	0.022	43.9
Allobates_kingsburyi_LWS_1146	scaffold46452	19.134	277	204	6	70	338	3985	3191	0.024	43.9
Allobates_kingsburyi_LWS_1146	scaffold4521	24.409	127	88	4	210	332	4537	4905	0.025	43.9
Allobates_kingsburyi_LWS_1146	scaffold128995	21.242	306	193	10	49	332	4029	3190	0.025	43.9
Allobates_kingsburyi_LWS_1146	scaffold33831	27.184	103	72	1	34	136	68271	68570	0.026	43.9
Allobates_kingsburyi_LWS_1146	scaffold29205	23.077	312	190	14	42	332	15617	16465	0.026	43.9
Allobates_kingsburyi_LWS_1146	scaffold44947	30.526	95	54	3	70	158	166060	165794	0.031	43.5
Allobates_kingsburyi_LWS_1146	scaffold44947	28.261	92	60	3	70	158	156552	156286	0.44	40.0
Allobates_kingsburyi_LWS_1146	scaffold63376	19.771	349	231	13	14	337	11460	12434	0.031	43.5
Allobates_kingsburyi_LWS_1146	scaffold16339	23.750	160	105	5	54	203	99138	98680	0.035	43.5
Allobates_kingsburyi_LWS_1146	scaffold25244	32.857	70	45	1	267	336	17239	17036	0.038	43.1
Allobates_kingsburyi_LWS_1146	scaffold15762	20.930	301	192	14	53	330	70795	71628	0.043	43.1
Allobates_kingsburyi_LWS_1146	scaffold143572	20.147	273	186	11	70	332	18735	19487	0.043	43.1
Allobates_kingsburyi_LWS_1146	scaffold6007	22.059	272	177	8	81	336	176045	175287	0.050	42.7
Allobates_kingsburyi_LWS_1146	scaffold6007	21.603	287	188	5	70	339	144261	145061	0.091	42.0
Allobates_kingsburyi_LWS_1146	scaffold149035	21.382	304	190	10	59	340	5736	6566	0.061	42.7
Allobates_kingsburyi_LWS_1146	scaffold35087	21.477	149	104	4	50	193	18819	18397	0.068	42.4
Allobates_kingsburyi_LWS_1146	scaffold61263	22.464	276	176	10	83	341	5582	6346	0.076	42.4
Allobates_kingsburyi_LWS_1146	scaffold61263	19.529	297	193	9	67	342	18501	19316	4.6	36.6
Allobates_kingsburyi_LWS_1146	scaffold15139	19.444	288	190	9	70	338	37271	38065	0.077	42.4
Allobates_kingsburyi_LWS_1146	scaffold70196	23.239	284	172	14	70	332	9155	9931	0.077	42.4
Allobates_kingsburyi_LWS_1146	scaffold22428	28.283	99	64	3	251	342	54246	54542	0.080	42.4
Allobates_kingsburyi_LWS_1146	scaffold112822	22.545	275	170	12	81	335	5342	4587	0.083	42.4
Allobates_kingsburyi_LWS_1146	scaffold196796	29.348	92	59	1	54	139	3901	4176	0.083	42.4
Allobates_kingsburyi_LWS_1146	scaffold3975	28.736	87	59	1	254	337	16409	16149	0.086	42.0
Allobates_kingsburyi_LWS_1146	scaffold27752	20.339	295	196	12	62	338	60443	61264	0.087	42.0
Allobates_kingsburyi_LWS_1146	scaffold80587	22.222	279	189	9	70	336	12061	11273	0.095	42.0
Allobates_kingsburyi_LWS_1146	scaffold88206	22.422	223	147	7	125	336	12644	12021	0.10	42.0
Allobates_kingsburyi_LWS_1146	scaffold6888	21.147	279	195	10	65	332	110813	110019	0.10	42.0
Allobates_kingsburyi_LWS_1146	scaffold46250	23.853	109	66	4	239	340	77389	77685	0.11	42.0
Allobates_kingsburyi_LWS_1146	scaffold8848	23.510	302	181	15	66	336	84760	83912	0.12	41.6
Allobates_kingsburyi_LWS_1146	scaffold41135	23.474	213	130	9	143	340	26788	26204	0.12	41.6
Allobates_kingsburyi_LWS_1146	scaffold41135	19.601	301	202	11	60	342	5098	4262	3.2	37.0
Allobates_kingsburyi_LWS_1146	scaffold39005	29.213	89	59	2	66	150	37162	37428	0.13	41.6
Allobates_kingsburyi_LWS_1146	scaffold39005	22.549	102	76	1	244	342	87315	87620	0.50	39.7
Allobates_kingsburyi_LWS_1146	Scaffold255223	19.802	303	196	11	58	338	2462	1629	0.13	41.6
Allobates_kingsburyi_LWS_1146	scaffold6266	23.975	317	199	12	41	339	83480	82602	0.14	41.6
Allobates_kingsburyi_LWS_1146	scaffold4370	23.841	302	181	12	63	334	4134	3286	0.16	41.2
Allobates_kingsburyi_LWS_1146	scaffold106456	25.743	101	67	2	61	157	18153	17863	0.16	41.2
Allobates_kingsburyi_LWS_1146	scaffold53539	22.258	310	190	14	53	338	14681	15529	0.16	41.2
Allobates_kingsburyi_LWS_1146	scaffold3278	23.214	112	78	2	220	331	4901	4590	0.20	40.8
Allobates_kingsburyi_LWS_1146	scaffold1552	22.174	230	153	7	121	336	49497	48844	0.21	40.8
Allobates_kingsburyi_LWS_1146	scaffold5200	20.530	302	197	8	56	340	27701	28528	0.21	40.8
Allobates_kingsburyi_LWS_1146	scaffold92929	29.630	81	56	1	254	334	9914	10153	0.23	40.8
Allobates_kingsburyi_LWS_1146	scaffold48148	25.714	105	67	4	57	158	10340	10050	0.24	40.8
Allobates_kingsburyi_LWS_1146	scaffold62989	22.436	156	103	5	1	153	85170	85592	0.25	40.8
Allobates_kingsburyi_LWS_1146	scaffold26328	22.222	270	184	11	70	332	95769	96521	0.28	40.4
Allobates_kingsburyi_LWS_1146	scaffold22250	21.591	264	192	5	84	336	26030	25251	0.28	40.4
Allobates_kingsburyi_LWS_1146	scaffold29491	29.032	124	75	5	130	249	232908	232564	0.29	40.4
Allobates_kingsburyi_LWS_1146	scaffold2933	21.012	257	166	11	59	293	1740	2465	0.30	40.4
Allobates_kingsburyi_LWS_1146	Scaffold296254	20.588	102	72	1	246	338	615	920	0.31	40.0
Allobates_kingsburyi_LWS_1146	scaffold8173	19.091	330	246	7	17	336	90685	91641	0.35	40.0
Allobates_kingsburyi_LWS_1146	scaffold18062	20.667	300	205	11	58	341	1310	462	0.37	40.0
Allobates_kingsburyi_LWS_1146	Scaffold257887	24.051	79	56	2	81	157	4	234	0.38	38.5
Allobates_kingsburyi_LWS_1146	scaffold128684	22.183	284	174	12	70	332	5090	5863	0.41	40.0
Allobates_kingsburyi_LWS_1146	scaffold137055	21.019	314	184	13	58	339	5008	5853	0.45	39.7
Allobates_kingsburyi_LWS_1146	scaffold29832	29.703	101	64	4	20	118	27884	28171	0.48	39.7
Allobates_kingsburyi_LWS_1146	scaffold1259	23.358	137	98	4	51	185	99985	99590	0.49	39.7
Allobates_kingsburyi_LWS_1146	scaffold1259	26.606	109	65	3	59	157	116782	116471	3.6	37.0
Allobates_kingsburyi_LWS_1146	scaffold1259	25.455	110	67	3	59	158	136029	135715	8.0	35.8
Allobates_kingsburyi_LWS_1146	scaffold8259	21.622	296	197	8	19	291	29865	30716	0.51	39.7
Allobates_kingsburyi_LWS_1146	scaffold6610	24.046	262	162	9	91	332	42673	43407	0.55	39.7
Allobates_kingsburyi_LWS_1146	scaffold125563	20.580	345	222	12	17	340	37971	38912	0.60	39.3
Allobates_kingsburyi_LWS_1146	scaffold11184	19.286	280	179	10	83	340	20689	19925	0.77	39.3
Allobates_kingsburyi_LWS_1146	scaffold28275	19.903	206	140	7	81	270	10805	11395	0.87	38.9
Allobates_kingsburyi_LWS_1146	scaffold84486	20.000	110	79	1	242	342	28114	28443	0.93	38.9
Allobates_kingsburyi_LWS_1146	C193228052	100.000	14	0	0	179	192	2	43	1.1	33.9
Allobates_kingsburyi_LWS_1146	scaffold5955	27.046	281	166	16	70	330	180823	180038	1.2	38.5
Allobates_kingsburyi_LWS_1146	scaffold73857	20.690	261	184	9	82	332	13193	13936	1.2	38.5
Allobates_kingsburyi_LWS_1146	scaffold171053	21.831	284	192	11	70	338	11619	10813	1.2	38.5
Allobates_kingsburyi_LWS_1146	scaffold28444	21.591	88	66	1	252	336	56827	57090	1.3	38.5
Allobates_kingsburyi_LWS_1146	scaffold379	22.680	291	197	11	59	339	71856	72674	1.4	38.1
Allobates_kingsburyi_LWS_1146	scaffold29014	20.906	287	195	10	66	337	44426	43617	1.5	38.1
Allobates_kingsburyi_LWS_1146	scaffold128821	20.172	233	136	8	125	335	5566	6180	1.5	38.1
Allobates_kingsburyi_LWS_1146	scaffold156482	22.881	118	80	3	221	338	877	557	1.5	37.4
Allobates_kingsburyi_LWS_1146	scaffold9179	23.737	198	131	7	141	332	86975	86424	1.5	38.1
Allobates_kingsburyi_LWS_1146	scaffold58569	31.884	69	47	0	68	136	43036	42830	1.6	38.1
Allobates_kingsburyi_LWS_1146	scaffold87362	22.078	308	184	13	57	338	15253	16086	1.9	37.7
Allobates_kingsburyi_LWS_1146	scaffold87362	22.078	308	184	13	57	338	12769	13602	1.9	37.7
Allobates_kingsburyi_LWS_1146	scaffold2394	22.148	298	199	12	49	330	41332	40490	1.9	37.7
Allobates_kingsburyi_LWS_1146	scaffold8132	23.109	238	165	7	34	266	47161	47835	1.9	37.7
Allobates_kingsburyi_LWS_1146	scaffold147950	20.351	285	191	10	70	338	16831	17625	1.9	37.7
Allobates_kingsburyi_LWS_1146	scaffold45599	20.470	298	190	7	66	342	21715	20900	2.1	37.7
Allobates_kingsburyi_LWS_1146	scaffold22557	21.404	285	207	7	14	285	289115	289957	2.1	37.7
Allobates_kingsburyi_LWS_1146	scaffold23114	19.672	305	221	11	44	339	6285	7154	2.1	37.7
Allobates_kingsburyi_LWS_1146	scaffold151268	21.951	287	197	9	70	343	7118	7936	2.4	37.4
Allobates_kingsburyi_LWS_1146	scaffold170135	18.728	283	196	7	65	335	9429	10211	2.4	37.4
Allobates_kingsburyi_LWS_1146	scaffold102283	21.967	305	197	10	57	341	29880	30731	2.5	37.4
Allobates_kingsburyi_LWS_1146	scaffold7342	23.404	94	68	1	250	339	22936	22655	2.5	37.4
Allobates_kingsburyi_LWS_1146	C224733702	18.495	319	214	10	1	295	771	1661	2.5	37.0
Allobates_kingsburyi_LWS_1146	scaffold19010	22.456	285	183	11	70	336	19830	19036	2.5	37.4
Allobates_kingsburyi_LWS_1146	scaffold24277	19.925	266	190	8	81	336	3593	4351	2.5	37.4
Allobates_kingsburyi_LWS_1146	scaffold10006	21.886	297	182	12	57	332	30863	30060	2.6	37.4
Allobates_kingsburyi_LWS_1146	scaffold78382	18.728	283	196	7	65	335	9668	10450	2.7	37.4
Allobates_kingsburyi_LWS_1146	scaffold167923	21.171	222	155	7	125	338	606	1235	2.8	37.0
Allobates_kingsburyi_LWS_1146	scaffold85211	22.101	276	162	11	86	336	17579	16836	2.9	37.4
Allobates_kingsburyi_LWS_1146	scaffold102660	23.423	111	79	3	225	329	4792	5124	3.0	37.4
Allobates_kingsburyi_LWS_1146	scaffold31006	18.495	319	214	10	1	295	144631	143741	3.1	37.0
Allobates_kingsburyi_LWS_1146	scaffold43237	20.455	308	204	11	51	340	1427	573	3.2	37.0
Allobates_kingsburyi_LWS_1146	scaffold156500	20.000	205	148	6	70	262	871	1473	3.8	36.6
Allobates_kingsburyi_LWS_1146	scaffold21461	21.036	309	202	12	49	336	8055	7192	4.0	37.0
Allobates_kingsburyi_LWS_1146	scaffold83006	22.297	148	102	5	15	157	21480	21061	4.4	36.6
Allobates_kingsburyi_LWS_1146	scaffold16152	23.000	100	76	1	81	179	3997	4296	4.7	36.6
Allobates_kingsburyi_LWS_1146	scaffold14646	23.034	178	132	3	11	185	54157	53630	4.8	36.6
Allobates_kingsburyi_LWS_1146	scaffold63076	21.030	233	145	8	125	339	6205	6840	5.1	36.6
Allobates_kingsburyi_LWS_1146	scaffold32668	25.333	150	97	5	58	200	98772	99197	5.1	36.6
Allobates_kingsburyi_LWS_1146	scaffold62196	26.667	90	62	2	70	157	747	484	5.3	36.2
Allobates_kingsburyi_LWS_1146	scaffold29903	20.737	217	149	7	57	257	16506	15877	5.4	36.2
Allobates_kingsburyi_LWS_1146	scaffold8922	32.432	74	44	3	260	330	25714	25926	5.5	36.2
Allobates_kingsburyi_LWS_1146	scaffold29800	22.378	143	83	5	31	157	29067	28675	5.6	36.2
Allobates_kingsburyi_LWS_1146	scaffold37515	20.225	89	71	0	70	158	55784	56050	5.7	36.2
Allobates_kingsburyi_LWS_1146	scaffold1880	42.857	35	20	0	295	329	8344	8448	6.0	36.2
Allobates_kingsburyi_LWS_1146	scaffold231141	20.492	122	86	3	221	342	108	440	6.1	35.4
Allobates_kingsburyi_LWS_1146	scaffold184103	20.155	129	96	4	32	157	7800	7426	7.5	35.8
Allobates_kingsburyi_LWS_1146	scaffold9266	24.409	127	85	4	57	176	31520	31888	7.6	35.8
Allobates_kingsburyi_LWS_1146	scaffold113629	20.155	129	96	4	32	157	26074	26448	7.7	35.8
Allobates_kingsburyi_LWS_1146	scaffold28461	19.598	199	144	5	139	330	59472	60041	7.8	35.8
Allobates_kingsburyi_LWS_1146	scaffold16311	22.769	325	178	15	68	338	196070	195153	8.1	35.8
Allobates_kingsburyi_LWS_1146	scaffold182031	22.137	131	100	2	52	180	3307	2915	8.5	35.8
Allobates_kingsburyi_LWS_1146	scaffold31017	18.341	229	162	8	67	283	60137	60784	9.0	35.8
Allobates_kingsburyi_LWS_1146	scaffold68036	21.352	281	175	11	82	341	30126	30893	9.0	35.8
Allobates_kingsburyi_LWS_1146	scaffold41244	21.774	248	179	5	40	277	154726	153998	9.2	35.8
Allobates_kingsburyi_LWS_1146	scaffold83423	22.819	298	181	12	67	341	41783	40968	9.4	35.4
# BLAST processed 1 queries
