# TBLASTN 2.9.0+
# Query: Adenomera_andreae_SWS2_SC6428
# Database: ../synteny/OophagaDB/Oophaga.0
# Fields: query acc.ver, subject acc.ver, % identity, alignment length, mismatches, gap opens, q. start, q. end, s. start, s. end, evalue, bit score
# 245 hits found
Adenomera_andreae_SWS2_SC6428	scaffold9205	55.263	76	34	0	248	323	94709	94936	1.64e-34	96.3
Adenomera_andreae_SWS2_SC6428	scaffold9205	53.226	62	29	0	184	245	94422	94607	1.64e-34	74.7
Adenomera_andreae_SWS2_SC6428	scaffold9205	56.140	57	25	0	130	186	93716	93886	5.51e-13	77.4
Adenomera_andreae_SWS2_SC6428	scaffold9205	40.146	137	73	3	4	134	92846	93247	3.20e-09	65.9
Adenomera_andreae_SWS2_SC6428	scaffold2818	60.000	80	32	0	242	321	129894	129655	3.35e-23	108
Adenomera_andreae_SWS2_SC6428	scaffold2818	62.069	58	22	0	186	243	135476	135303	1.86e-14	81.6
Adenomera_andreae_SWS2_SC6428	scaffold2818	52.459	61	29	0	126	186	137708	137526	9.25e-11	70.5
Adenomera_andreae_SWS2_SC6428	scaffold2818	44.800	125	64	1	10	134	143354	142995	2.68e-10	68.9
Adenomera_andreae_SWS2_SC6428	scaffold22856	43.860	114	62	1	129	242	56543	56878	2.79e-22	105
Adenomera_andreae_SWS2_SC6428	scaffold22856	53.247	77	36	0	248	324	62810	63040	2.28e-18	93.6
Adenomera_andreae_SWS2_SC6428	scaffold10886	44.248	113	61	1	130	242	164063	163731	7.45e-21	101
Adenomera_andreae_SWS2_SC6428	scaffold10886	36.047	86	55	0	239	324	159965	159708	1.66e-08	63.5
Adenomera_andreae_SWS2_SC6428	scaffold21232	57.333	75	32	0	247	321	53811	54035	3.23e-20	99.4
Adenomera_andreae_SWS2_SC6428	scaffold21232	59.677	62	25	0	130	191	49418	49603	7.50e-17	89.0
Adenomera_andreae_SWS2_SC6428	scaffold21232	38.961	77	45	1	191	267	49925	50149	3.74e-07	59.3
Adenomera_andreae_SWS2_SC6428	scaffold21232	39.655	116	66	2	22	133	46146	46493	3.45e-05	53.1
Adenomera_andreae_SWS2_SC6428	scaffold70671	47.826	92	48	0	230	321	6255	5980	4.29e-19	95.9
Adenomera_andreae_SWS2_SC6428	scaffold70671	28.931	159	70	1	130	245	6997	6521	1.71e-12	75.9
Adenomera_andreae_SWS2_SC6428	scaffold70671	37.500	104	65	0	30	133	7734	7423	0.19	41.2
Adenomera_andreae_SWS2_SC6428	scaffold69909	43.902	82	46	0	242	323	16769	16524	3.17e-16	87.0
Adenomera_andreae_SWS2_SC6428	scaffold69909	43.902	82	46	0	242	323	1285	1040	3.17e-16	87.0
Adenomera_andreae_SWS2_SC6428	scaffold3526	28.049	246	141	7	101	329	117505	118185	2.51e-14	81.3
Adenomera_andreae_SWS2_SC6428	scaffold86147	38.961	77	47	0	124	200	7888	7658	9.28e-14	79.7
Adenomera_andreae_SWS2_SC6428	C224516402	25.938	320	212	12	31	337	243	1166	1.99e-13	77.8
Adenomera_andreae_SWS2_SC6428	scaffold13740	25.938	320	212	12	31	337	10464	9541	4.04e-13	77.8
Adenomera_andreae_SWS2_SC6428	scaffold85571	37.391	115	66	3	130	242	8876	9208	4.54e-13	77.4
Adenomera_andreae_SWS2_SC6428	scaffold37334	29.020	255	151	10	97	337	95257	94541	5.25e-13	77.4
Adenomera_andreae_SWS2_SC6428	scaffold37334	25.974	231	146	7	107	324	72138	71482	3.98e-08	62.4
Adenomera_andreae_SWS2_SC6428	scaffold99531	43.478	92	52	0	230	321	28234	28509	1.41e-11	73.2
Adenomera_andreae_SWS2_SC6428	scaffold15155	35.345	116	68	3	129	242	44276	43944	9.68e-11	70.5
Adenomera_andreae_SWS2_SC6428	C217276974	40.351	57	34	0	124	180	173	3	3.56e-10	61.6
Adenomera_andreae_SWS2_SC6428	scaffold180659	43.590	78	44	0	246	323	9454	9221	4.40e-10	68.2
Adenomera_andreae_SWS2_SC6428	scaffold8173	26.027	219	149	6	115	324	90979	91623	4.93e-10	68.2
Adenomera_andreae_SWS2_SC6428	scaffold34009	23.140	242	155	8	110	334	50781	50098	7.78e-10	67.8
Adenomera_andreae_SWS2_SC6428	scaffold43265	32.174	115	77	1	158	271	148844	149188	8.86e-10	67.4
Adenomera_andreae_SWS2_SC6428	scaffold43265	27.692	65	47	0	261	325	153374	153568	1.71e-04	50.8
Adenomera_andreae_SWS2_SC6428	scaffold16502	22.269	238	154	7	106	330	68480	69139	1.02e-09	67.4
Adenomera_andreae_SWS2_SC6428	scaffold34584	23.958	192	138	4	144	332	4922	4362	2.44e-09	65.9
Adenomera_andreae_SWS2_SC6428	scaffold27486	25.446	224	149	7	111	328	81084	80449	5.87e-09	64.7
Adenomera_andreae_SWS2_SC6428	scaffold27486	22.672	247	163	10	102	333	71707	72408	8.40e-07	58.2
Adenomera_andreae_SWS2_SC6428	scaffold27486	20.266	301	205	11	38	323	62279	63121	0.002	47.8
Adenomera_andreae_SWS2_SC6428	scaffold37137	21.491	228	167	4	107	330	47694	48353	7.95e-09	64.3
Adenomera_andreae_SWS2_SC6428	scaffold22548	40.541	74	44	0	250	323	133277	133498	1.62e-08	63.5
Adenomera_andreae_SWS2_SC6428	scaffold22548	40.541	74	44	0	250	323	134764	134985	1.62e-08	63.5
Adenomera_andreae_SWS2_SC6428	scaffold22548	31.148	122	82	1	124	245	125565	125924	6.11e-05	52.4
Adenomera_andreae_SWS2_SC6428	scaffold118572	23.451	226	161	6	111	330	18098	18757	1.83e-08	63.2
Adenomera_andreae_SWS2_SC6428	scaffold79475	27.014	211	123	7	144	337	126570	127160	3.75e-08	62.4
Adenomera_andreae_SWS2_SC6428	C217124778	40.678	59	35	0	129	187	178	2	7.24e-08	55.1
Adenomera_andreae_SWS2_SC6428	scaffold42038	30.075	133	79	6	198	325	114052	113681	1.79e-07	60.1
Adenomera_andreae_SWS2_SC6428	scaffold10796	23.343	347	231	13	7	334	18304	17312	2.94e-07	59.7
Adenomera_andreae_SWS2_SC6428	scaffold16513	25.478	314	201	10	23	324	55431	54553	4.09e-07	58.9
Adenomera_andreae_SWS2_SC6428	scaffold50114	23.776	286	196	8	50	323	14165	13338	5.93e-07	58.5
Adenomera_andreae_SWS2_SC6428	scaffold62879	25.258	194	133	6	144	332	60181	59621	6.06e-07	58.5
Adenomera_andreae_SWS2_SC6428	scaffold60607	24.312	218	146	9	115	323	48768	48145	6.92e-07	58.5
Adenomera_andreae_SWS2_SC6428	scaffold27991	23.490	298	216	7	37	330	44610	45479	1.02e-06	57.8
Adenomera_andreae_SWS2_SC6428	scaffold220489	43.750	48	27	0	124	171	2550	2693	1.22e-06	57.4
Adenomera_andreae_SWS2_SC6428	scaffold220489	30.769	39	27	0	162	200	2722	2838	7.5	35.8
Adenomera_andreae_SWS2_SC6428	scaffold6921	25.116	215	144	7	119	328	12134	12742	1.41e-06	57.4
Adenomera_andreae_SWS2_SC6428	C224448800	22.603	292	190	11	58	330	283	1107	1.61e-06	56.6
Adenomera_andreae_SWS2_SC6428	scaffold14914	21.809	188	124	3	119	285	196762	197319	1.65e-06	57.0
Adenomera_andreae_SWS2_SC6428	scaffold62364	22.603	292	190	11	58	330	32026	32850	2.92e-06	56.2
Adenomera_andreae_SWS2_SC6428	scaffold37802	24.153	236	150	6	112	333	78484	79146	3.68e-06	56.2
Adenomera_andreae_SWS2_SC6428	scaffold6177	22.870	223	164	6	111	330	116342	116995	6.69e-06	55.1
Adenomera_andreae_SWS2_SC6428	scaffold6177	23.810	231	157	6	113	336	186515	185859	0.012	45.1
Adenomera_andreae_SWS2_SC6428	scaffold231262	26.774	310	189	11	39	334	488	1345	7.31e-06	54.7
Adenomera_andreae_SWS2_SC6428	scaffold24357	22.785	237	163	7	103	324	79754	79059	8.03e-06	55.1
Adenomera_andreae_SWS2_SC6428	scaffold61999	36.364	77	48	1	112	187	1986	1756	1.66e-05	53.9
Adenomera_andreae_SWS2_SC6428	scaffold91375	24.312	218	137	8	133	337	50291	49683	3.07e-05	53.1
Adenomera_andreae_SWS2_SC6428	scaffold32398	24.215	223	139	7	113	322	32803	33420	5.32e-05	52.4
Adenomera_andreae_SWS2_SC6428	scaffold32398	24.545	220	136	7	115	322	13095	13700	0.002	47.0
Adenomera_andreae_SWS2_SC6428	scaffold32398	24.545	220	136	7	115	322	15169	15774	0.002	47.0
Adenomera_andreae_SWS2_SC6428	scaffold32398	24.545	220	136	7	115	322	17137	17742	0.002	47.0
Adenomera_andreae_SWS2_SC6428	scaffold102660	27.119	118	83	2	216	331	4798	5148	6.47e-05	52.0
Adenomera_andreae_SWS2_SC6428	scaffold20921	22.747	233	152	8	108	324	174136	173474	7.33e-05	52.0
Adenomera_andreae_SWS2_SC6428	C224142190	27.692	65	47	0	261	325	246	440	8.63e-05	50.8
Adenomera_andreae_SWS2_SC6428	C224367016	32.394	71	48	0	262	332	628	840	9.18e-05	50.8
Adenomera_andreae_SWS2_SC6428	scaffold7559	32.184	87	56	3	104	187	70143	70403	1.56e-04	50.8
Adenomera_andreae_SWS2_SC6428	scaffold5608	32.394	71	48	0	262	332	73273	73061	1.58e-04	50.8
Adenomera_andreae_SWS2_SC6428	scaffold41070	24.352	193	119	5	156	330	19545	18994	1.63e-04	50.8
Adenomera_andreae_SWS2_SC6428	scaffold7074	26.174	149	81	5	198	334	113312	113707	2.22e-04	50.4
Adenomera_andreae_SWS2_SC6428	scaffold17902	22.566	226	154	8	115	329	12067	11420	2.62e-04	50.1
Adenomera_andreae_SWS2_SC6428	scaffold10745	23.144	229	151	9	115	328	57617	56961	2.73e-04	50.1
Adenomera_andreae_SWS2_SC6428	scaffold6444	24.000	225	159	5	115	332	54930	54271	2.80e-04	50.1
Adenomera_andreae_SWS2_SC6428	scaffold41356	23.474	213	106	6	109	277	137899	137300	2.96e-04	50.1
Adenomera_andreae_SWS2_SC6428	scaffold27533	21.457	247	165	8	98	334	12760	13443	2.97e-04	50.1
Adenomera_andreae_SWS2_SC6428	scaffold28461	20.414	338	229	10	3	324	59100	60041	3.11e-04	50.1
Adenomera_andreae_SWS2_SC6428	scaffold93173	22.581	124	86	2	208	330	2202	2546	3.41e-04	49.7
Adenomera_andreae_SWS2_SC6428	scaffold9472	21.162	241	154	8	115	326	73986	74687	3.61e-04	49.7
Adenomera_andreae_SWS2_SC6428	C224733702	20.745	188	124	4	118	285	1101	1649	3.72e-04	49.3
Adenomera_andreae_SWS2_SC6428	scaffold18062	23.605	233	145	8	113	330	1121	477	3.81e-04	49.7
Adenomera_andreae_SWS2_SC6428	C224825234	22.393	326	213	11	38	335	593	1534	4.19e-04	49.3
Adenomera_andreae_SWS2_SC6428	scaffold26859	21.875	224	153	8	115	324	28002	27355	4.79e-04	49.3
Adenomera_andreae_SWS2_SC6428	scaffold4946	20.264	227	158	7	115	330	120903	121547	4.98e-04	49.3
Adenomera_andreae_SWS2_SC6428	scaffold31006	20.745	188	124	4	118	285	144301	143753	5.16e-04	49.3
Adenomera_andreae_SWS2_SC6428	scaffold14975	26.496	234	149	10	104	324	45482	46153	5.80e-04	48.9
Adenomera_andreae_SWS2_SC6428	scaffold6511	19.731	223	156	7	115	324	68302	67664	5.91e-04	48.9
Adenomera_andreae_SWS2_SC6428	scaffold22348	21.491	228	135	8	144	332	11252	10584	6.45e-04	48.9
Adenomera_andreae_SWS2_SC6428	scaffold22428	36.585	82	49	1	245	323	54246	54491	6.93e-04	48.9
Adenomera_andreae_SWS2_SC6428	scaffold71283	28.462	130	83	5	214	336	34151	33771	8.08e-04	48.5
Adenomera_andreae_SWS2_SC6428	scaffold42234	23.431	239	152	10	99	324	183281	183943	8.11e-04	48.5
Adenomera_andreae_SWS2_SC6428	scaffold16623	25.728	206	125	8	145	330	64457	63864	8.31e-04	48.5
Adenomera_andreae_SWS2_SC6428	scaffold3975	36.986	73	41	2	255	323	16388	16173	0.001	48.5
Adenomera_andreae_SWS2_SC6428	scaffold14801	37.705	61	38	0	261	321	113339	113521	0.001	48.1
Adenomera_andreae_SWS2_SC6428	scaffold54463	24.889	225	125	11	133	336	22369	21764	0.001	48.1
Adenomera_andreae_SWS2_SC6428	scaffold151268	24.742	291	199	9	54	334	7082	7924	0.001	48.1
Adenomera_andreae_SWS2_SC6428	scaffold8922	34.118	85	55	1	254	337	25714	25968	0.001	48.1
Adenomera_andreae_SWS2_SC6428	scaffold46559	22.131	244	154	8	102	323	28867	29556	0.001	47.8
Adenomera_andreae_SWS2_SC6428	scaffold76505	24.260	169	119	6	113	277	13542	14033	0.002	47.8
Adenomera_andreae_SWS2_SC6428	scaffold63469	19.651	229	163	6	113	328	24861	25523	0.002	47.4
Adenomera_andreae_SWS2_SC6428	scaffold92929	30.275	109	65	3	219	326	9851	10147	0.002	47.4
Adenomera_andreae_SWS2_SC6428	scaffold4054	25.571	219	140	8	113	320	264126	264746	0.002	47.0
Adenomera_andreae_SWS2_SC6428	scaffold4054	21.973	223	156	6	115	328	275166	275807	0.009	45.4
Adenomera_andreae_SWS2_SC6428	scaffold61570	26.316	247	162	8	102	331	29409	30140	0.003	47.0
Adenomera_andreae_SWS2_SC6428	scaffold100478	22.326	215	146	7	117	324	7081	6479	0.003	47.0
Adenomera_andreae_SWS2_SC6428	scaffold121926	22.807	228	161	8	115	335	8036	8695	0.003	47.0
Adenomera_andreae_SWS2_SC6428	scaffold1552	25.000	136	88	3	205	331	49233	48841	0.003	47.0
Adenomera_andreae_SWS2_SC6428	scaffold41554	24.576	236	141	9	115	330	68380	67724	0.003	46.6
Adenomera_andreae_SWS2_SC6428	scaffold28444	26.364	110	60	4	235	334	56806	57102	0.003	46.6
Adenomera_andreae_SWS2_SC6428	scaffold190355	22.321	224	142	7	112	324	3982	3374	0.003	46.6
Adenomera_andreae_SWS2_SC6428	scaffold76842	21.698	212	148	7	131	332	59633	60244	0.004	46.2
Adenomera_andreae_SWS2_SC6428	scaffold135113	23.824	340	225	13	1	332	25232	24291	0.004	46.2
Adenomera_andreae_SWS2_SC6428	scaffold39005	18.072	249	134	6	139	332	86907	87608	0.004	46.2
Adenomera_andreae_SWS2_SC6428	scaffold63262	24.615	195	138	6	143	332	32725	32153	0.004	46.2
Adenomera_andreae_SWS2_SC6428	scaffold1141	21.790	257	162	7	107	331	43030	42281	0.005	46.2
Adenomera_andreae_SWS2_SC6428	scaffold76957	22.581	217	136	7	119	324	4799	5386	0.005	45.8
Adenomera_andreae_SWS2_SC6428	scaffold4521	30.172	116	73	3	212	323	4561	4896	0.006	45.8
Adenomera_andreae_SWS2_SC6428	scaffold27686	24.091	220	141	8	113	322	33798	33187	0.006	45.8
Adenomera_andreae_SWS2_SC6428	scaffold35534	24.638	207	140	8	119	323	106169	105591	0.006	45.8
Adenomera_andreae_SWS2_SC6428	scaffold72702	25.551	227	141	9	113	327	11895	11263	0.006	45.8
Adenomera_andreae_SWS2_SC6428	scaffold72702	31.579	76	49	2	113	186	4628	4404	1.0	38.5
Adenomera_andreae_SWS2_SC6428	scaffold25244	31.325	83	47	3	261	337	17239	17003	0.006	45.8
Adenomera_andreae_SWS2_SC6428	scaffold25244	29.577	71	47	1	195	262	18471	18259	1.5	38.1
Adenomera_andreae_SWS2_SC6428	scaffold10852	20.833	240	152	8	113	335	18397	19053	0.006	45.8
Adenomera_andreae_SWS2_SC6428	scaffold23096	23.276	232	155	8	115	330	30314	29640	0.007	45.4
Adenomera_andreae_SWS2_SC6428	scaffold23096	20.870	230	155	8	115	330	3191	2541	0.015	44.7
Adenomera_andreae_SWS2_SC6428	scaffold105876	29.231	130	83	4	198	325	14504	14872	0.008	45.4
Adenomera_andreae_SWS2_SC6428	scaffold39305	21.635	208	128	9	137	328	24340	24906	0.008	45.4
Adenomera_andreae_SWS2_SC6428	scaffold32792	19.737	228	161	8	110	330	160432	161070	0.011	45.1
Adenomera_andreae_SWS2_SC6428	scaffold163394	20.923	325	215	9	37	334	3606	4535	0.014	44.7
Adenomera_andreae_SWS2_SC6428	scaffold379	24.000	200	127	7	137	326	72099	72653	0.016	44.7
Adenomera_andreae_SWS2_SC6428	scaffold47148	22.256	328	230	9	20	334	13367	14314	0.017	44.3
Adenomera_andreae_SWS2_SC6428	scaffold27757	21.891	201	142	5	133	332	21018	21578	0.027	43.9
Adenomera_andreae_SWS2_SC6428	scaffold33686	20.524	229	156	7	117	329	17837	18493	0.027	43.9
Adenomera_andreae_SWS2_SC6428	scaffold92870	23.729	177	112	7	115	276	15486	15992	0.031	43.5
Adenomera_andreae_SWS2_SC6428	C224572894	25.984	127	74	5	217	332	1424	1071	0.042	42.7
Adenomera_andreae_SWS2_SC6428	scaffold29491	29.310	116	73	5	130	243	232890	232564	0.044	43.1
Adenomera_andreae_SWS2_SC6428	scaffold26328	23.629	237	158	10	104	336	95895	96548	0.050	42.7
Adenomera_andreae_SWS2_SC6428	scaffold16737	24.569	232	142	12	117	332	42421	43065	0.055	42.7
Adenomera_andreae_SWS2_SC6428	scaffold51899	25.287	87	62	1	246	329	19466	19206	0.063	42.7
Adenomera_andreae_SWS2_SC6428	scaffold60617	29.032	93	53	4	248	333	35438	35698	0.065	42.4
Adenomera_andreae_SWS2_SC6428	scaffold1471	20.370	270	149	7	113	332	6076	5315	0.065	42.4
Adenomera_andreae_SWS2_SC6428	scaffold52093	21.192	302	190	11	44	315	44199	43348	0.068	42.4
Adenomera_andreae_SWS2_SC6428	scaffold22250	21.811	243	155	9	115	336	25919	25233	0.070	42.4
Adenomera_andreae_SWS2_SC6428	scaffold32872	24.000	200	131	8	137	323	68239	68814	0.073	42.4
Adenomera_andreae_SWS2_SC6428	scaffold73532	17.961	206	144	4	119	303	108718	108113	0.080	42.4
Adenomera_andreae_SWS2_SC6428	scaffold1593	24.859	177	123	5	108	277	10658	10137	0.082	42.4
Adenomera_andreae_SWS2_SC6428	scaffold41049	19.913	231	164	8	113	330	35838	35170	0.10	42.0
Adenomera_andreae_SWS2_SC6428	scaffold45806	22.831	219	144	9	121	330	38133	38741	0.10	42.0
Adenomera_andreae_SWS2_SC6428	scaffold45806	21.918	219	146	9	121	330	17145	17753	2.7	37.4
Adenomera_andreae_SWS2_SC6428	scaffold17548	20.747	241	170	8	102	336	76334	77011	0.10	42.0
Adenomera_andreae_SWS2_SC6428	scaffold64682	22.778	180	117	6	105	277	35383	34889	0.10	42.0
Adenomera_andreae_SWS2_SC6428	scaffold87332	20.175	228	148	5	114	328	50535	51155	0.11	42.0
Adenomera_andreae_SWS2_SC6428	scaffold67086	23.729	295	199	7	45	324	36387	37238	0.12	41.6
Adenomera_andreae_SWS2_SC6428	scaffold10443	23.936	188	112	8	105	282	212924	213424	0.12	41.6
Adenomera_andreae_SWS2_SC6428	scaffold1457	25.110	227	142	9	113	327	75668	76300	0.13	41.6
Adenomera_andreae_SWS2_SC6428	scaffold1457	25.616	203	123	9	137	327	95858	96418	0.58	39.7
Adenomera_andreae_SWS2_SC6428	scaffold6888	21.531	209	142	7	137	335	110579	109989	0.15	41.2
Adenomera_andreae_SWS2_SC6428	scaffold14121	21.429	168	111	4	117	277	118817	119278	0.19	41.2
Adenomera_andreae_SWS2_SC6428	scaffold7342	24.806	129	80	3	112	235	23593	23243	0.20	40.8
Adenomera_andreae_SWS2_SC6428	scaffold7342	25.510	98	60	3	244	332	22939	22658	0.26	40.4
Adenomera_andreae_SWS2_SC6428	scaffold8848	22.845	232	135	9	120	324	84574	83930	0.20	40.8
Adenomera_andreae_SWS2_SC6428	scaffold136154	23.707	232	144	8	115	330	519	1163	0.27	40.4
Adenomera_andreae_SWS2_SC6428	scaffold5612	26.263	99	66	2	136	233	81891	82169	0.30	40.4
Adenomera_andreae_SWS2_SC6428	scaffold75874	26.437	87	57	2	254	334	67135	66878	0.36	40.0
Adenomera_andreae_SWS2_SC6428	scaffold121726	21.586	227	123	9	130	330	27030	26437	0.37	40.0
Adenomera_andreae_SWS2_SC6428	scaffold96170	24.752	101	68	2	224	324	28981	29259	0.41	40.0
Adenomera_andreae_SWS2_SC6428	scaffold25969	22.177	248	142	9	114	328	69557	70246	0.41	40.0
Adenomera_andreae_SWS2_SC6428	scaffold8031	19.277	249	163	8	106	329	79525	78818	0.45	39.7
Adenomera_andreae_SWS2_SC6428	scaffold19973	21.910	178	116	5	115	276	175761	175249	0.48	39.7
Adenomera_andreae_SWS2_SC6428	scaffold2406	21.053	133	93	3	105	235	92323	91955	0.56	39.7
Adenomera_andreae_SWS2_SC6428	scaffold27869	23.899	159	106	4	111	267	21301	20864	0.64	39.3
Adenomera_andreae_SWS2_SC6428	scaffold19426	20.245	163	118	5	119	277	12008	11544	0.67	39.3
Adenomera_andreae_SWS2_SC6428	scaffold16619	21.145	227	155	8	115	330	78707	79348	0.70	39.3
Adenomera_andreae_SWS2_SC6428	scaffold11860	22.727	88	64	2	241	326	115569	115826	0.73	39.3
Adenomera_andreae_SWS2_SC6428	C223413259	29.630	81	53	2	181	261	228	458	0.76	38.1
Adenomera_andreae_SWS2_SC6428	scaffold43810	22.857	210	137	7	137	335	10807	10220	0.83	38.9
Adenomera_andreae_SWS2_SC6428	scaffold32935	30.233	86	57	1	246	328	13946	13689	0.98	38.9
Adenomera_andreae_SWS2_SC6428	scaffold74931	22.105	285	201	6	55	330	25774	24956	0.98	38.9
Adenomera_andreae_SWS2_SC6428	scaffold12543	20.000	230	151	6	114	330	6584	7213	1.0	38.5
Adenomera_andreae_SWS2_SC6428	scaffold4606	21.702	235	169	6	46	277	91045	91713	1.2	38.5
Adenomera_andreae_SWS2_SC6428	scaffold46670	21.341	164	125	4	115	277	137629	137147	1.3	38.5
Adenomera_andreae_SWS2_SC6428	scaffold7635	22.186	311	189	10	51	336	21371	20523	1.3	38.5
Adenomera_andreae_SWS2_SC6428	scaffold99633	22.050	322	181	12	10	279	61152	62063	1.4	38.1
Adenomera_andreae_SWS2_SC6428	scaffold147125	21.721	244	138	10	99	323	2489	1860	1.5	38.1
Adenomera_andreae_SWS2_SC6428	Scaffold255223	23.243	185	113	8	103	277	2315	1818	1.6	38.1
Adenomera_andreae_SWS2_SC6428	scaffold17046	29.630	81	53	2	181	261	72502	72732	1.6	38.1
Adenomera_andreae_SWS2_SC6428	C215702631	40.000	30	18	0	169	198	175	86	1.7	33.9
Adenomera_andreae_SWS2_SC6428	scaffold54898	20.961	229	155	7	115	329	70598	69948	1.8	38.1
Adenomera_andreae_SWS2_SC6428	scaffold123343	21.495	214	135	6	130	328	869	282	1.8	37.7
Adenomera_andreae_SWS2_SC6428	scaffold972	25.989	177	119	7	103	277	201831	202331	2.1	37.7
Adenomera_andreae_SWS2_SC6428	scaffold38252	21.951	287	192	9	57	324	42991	42170	2.1	37.7
Adenomera_andreae_SWS2_SC6428	scaffold54839	24.771	218	122	10	137	335	14382	14966	2.1	37.7
Adenomera_andreae_SWS2_SC6428	scaffold7585	25.926	108	63	3	224	323	35933	36229	2.1	37.7
Adenomera_andreae_SWS2_SC6428	scaffold65139	22.275	211	123	8	137	328	26455	27021	2.2	37.7
Adenomera_andreae_SWS2_SC6428	C224208064	23.256	172	111	6	98	255	407	901	2.3	37.0
Adenomera_andreae_SWS2_SC6428	scaffold34599	22.672	247	138	11	99	326	4085	3447	2.7	37.4
Adenomera_andreae_SWS2_SC6428	scaffold18784	27.160	81	51	2	254	330	19074	18844	2.9	37.4
Adenomera_andreae_SWS2_SC6428	scaffold54969	25.287	87	62	1	246	329	24288	24028	2.9	37.4
Adenomera_andreae_SWS2_SC6428	scaffold84276	20.144	278	149	8	112	330	23381	22590	3.0	37.4
Adenomera_andreae_SWS2_SC6428	scaffold12756	22.566	226	141	10	118	328	21859	21239	3.0	37.4
Adenomera_andreae_SWS2_SC6428	scaffold41135	38.298	47	28	1	137	182	4861	4721	3.0	37.4
Adenomera_andreae_SWS2_SC6428	scaffold145578	21.028	214	128	8	137	331	1206	631	3.1	37.0
Adenomera_andreae_SWS2_SC6428	scaffold176516	24.211	95	60	4	247	330	2334	2053	3.4	37.0
Adenomera_andreae_SWS2_SC6428	scaffold43029	25.882	85	58	2	254	335	1403	1155	3.4	37.0
Adenomera_andreae_SWS2_SC6428	scaffold49386	23.256	172	111	6	98	255	6575	7069	3.5	37.0
Adenomera_andreae_SWS2_SC6428	scaffold3278	27.434	113	68	5	221	330	4880	4575	3.5	37.0
Adenomera_andreae_SWS2_SC6428	scaffold74609	21.053	209	138	7	133	329	862	281	3.6	37.0
Adenomera_andreae_SWS2_SC6428	scaffold133209	23.429	175	114	6	104	262	4857	5369	3.8	37.0
Adenomera_andreae_SWS2_SC6428	scaffold22944	21.635	208	134	7	133	330	17915	18481	3.9	37.0
Adenomera_andreae_SWS2_SC6428	scaffold130371	21.667	240	138	10	109	331	14120	14740	4.1	36.6
Adenomera_andreae_SWS2_SC6428	scaffold4348	18.803	234	155	7	118	335	12527	13171	4.1	36.6
Adenomera_andreae_SWS2_SC6428	scaffold33798	22.667	150	109	4	111	258	88729	88295	4.2	36.6
Adenomera_andreae_SWS2_SC6428	scaffold1134	21.030	233	151	7	113	330	9931	9287	4.3	36.6
Adenomera_andreae_SWS2_SC6428	scaffold52625	20.652	184	103	5	188	335	56794	56264	4.3	36.6
Adenomera_andreae_SWS2_SC6428	scaffold83256	23.293	249	127	12	133	333	4835	4137	4.6	36.6
Adenomera_andreae_SWS2_SC6428	C224724174	22.989	261	138	12	115	324	781	1527	4.6	36.2
Adenomera_andreae_SWS2_SC6428	scaffold159718	20.561	214	129	8	137	331	1122	1697	5.0	36.6
Adenomera_andreae_SWS2_SC6428	scaffold79634	22.989	261	138	12	115	324	18072	17326	5.7	36.2
Adenomera_andreae_SWS2_SC6428	scaffold118138	26.168	107	68	3	133	236	18880	18584	5.8	36.2
Adenomera_andreae_SWS2_SC6428	scaffold1004	20.408	147	107	2	112	257	165483	165070	5.8	36.2
Adenomera_andreae_SWS2_SC6428	scaffold20849	17.453	212	128	5	160	334	157340	156735	5.8	36.2
Adenomera_andreae_SWS2_SC6428	scaffold75006	22.892	249	139	13	107	336	14628	15272	5.9	36.2
Adenomera_andreae_SWS2_SC6428	scaffold22604	24.167	240	143	10	113	335	35029	35682	6.3	36.2
Adenomera_andreae_SWS2_SC6428	scaffold22604	25.234	214	123	8	137	334	68496	69074	9.5	35.4
Adenomera_andreae_SWS2_SC6428	scaffold40627	19.920	251	162	8	115	334	18604	19332	6.4	36.2
Adenomera_andreae_SWS2_SC6428	scaffold19325	21.008	238	143	9	133	332	67837	67145	6.5	36.2
Adenomera_andreae_SWS2_SC6428	scaffold131314	21.488	242	167	9	103	330	10320	9622	6.7	36.2
Adenomera_andreae_SWS2_SC6428	scaffold93978	19.665	239	147	8	121	332	3321	2659	7.1	35.8
Adenomera_andreae_SWS2_SC6428	C206580487	60.000	20	7	1	191	210	4	60	7.1	32.0
Adenomera_andreae_SWS2_SC6428	scaffold48811	20.976	205	135	7	137	329	31555	32124	7.4	35.8
Adenomera_andreae_SWS2_SC6428	C212807835	48.148	27	14	0	257	283	68	148	7.7	32.0
Adenomera_andreae_SWS2_SC6428	scaffold20576	19.048	189	128	3	119	285	77560	77003	7.9	35.8
Adenomera_andreae_SWS2_SC6428	scaffold34460	21.714	175	111	6	109	264	20298	20801	8.2	35.8
Adenomera_andreae_SWS2_SC6428	scaffold47091	21.348	89	70	0	244	332	16318	16584	9.3	35.4
Adenomera_andreae_SWS2_SC6428	scaffold27272	21.849	238	153	9	113	330	54636	55310	9.6	35.4
# BLAST processed 1 queries
